12647 451.055999755859 180.344345092773 91.4280853271484 0.861967265605927 13120 0.658595025539398 1
14441 495.365997314453 210.023284912109 89.2030181884766 0.905320465564728 14805 0.540214002132416 -1
15319 506.024993896484 208.227752685547 94.8387451171875 0.890257894992828 15813 0.573702335357666 -1
11538 418.661010742188 170.85090637207 86.4983978271484 0.862369179725647 11741 0.713543593883514 1
9753 402.579010009766 170.614181518555 73.3134841918945 0.902970135211944 10028 0.564213812351227 1
11965 455.817993164063 196.161865234375 78.4288101196289 0.916595041751862 12247 0.659446656703949 -1
11354 426.872985839844 172.396255493164 85.4024047851562 0.868673920631409 11703 0.729222893714905 1
12391 437.618988037109 175.367233276367 90.8194274902344 0.855452418327332 12600 0.634784817695618 1
10392 416.489013671875 177.366348266602 75.5669479370117 0.904699563980102 10559 0.562459409236908 1
15007 500.307006835938 210.717758178711 92.1704635620117 0.899261236190796 15431 0.580766260623932 -1
10246 406.371002197266 163.89469909668 81.5082168579102 0.867566823959351 10655 0.707108378410339 1
11982 448.864013671875 188.145980834961 81.8552169799805 0.900400400161743 12206 0.628152012825012 1
14516 492.786010742188 209.760131835937 89.5131988525391 0.904374003410339 14836 0.733575880527496 -1
13681 478.537994384766 202.761077880859 87.0230407714844 0.9032142162323 14015 0.641938805580139 -1
12220 465.686004638672 200.174163818359 79.0418472290039 0.918738961219788 12588 0.574383080005646 -1
11267 421.868988037109 170.356216430664 86.010986328125 0.86318427324295 11576 0.740762650966644 1
11379 438.164001464844 182.200088500977 80.8866653442383 0.896054446697235 11735 0.594141602516174 1
12341 451.115997314453 183.645599365234 86.6964340209961 0.881552755832672 12676 0.602117478847504 1
15982 523.174011230469 220.014999389648 94.2184829711914 0.903666615486145 16337 0.569200098514557 -1
11815 430.106994628906 177.796920776367 85.6785507202148 0.876231729984283 11993 0.706174194812775 1
12476 452.757995605469 192.323120117188 83.6725692749024 0.900400280952454 12654 0.806411981582642 1
12308 436.640014648438 174.938446044922 90.6161727905274 0.855387330055237 12544 0.686523854732514 1
12124 446.440002441406 188.975341796875 82.716796875 0.899115204811096 12336 0.740351736545563 1
14723 490.709014892578 205.417129516602 92.4997329711914 0.892876327037811 15013 0.570194780826569 1
14619 493.523986816406 209.53288269043 89.8080139160156 0.903489351272583 14973 0.612314164638519 -1
15475 511.796997070313 220.476928710938 90.2072296142578 0.91246896982193 15734 0.827318906784058 -1
12466 453.446990966797 185.616119384766 86.5885696411133 0.884525001049042 12706 0.601989567279816 1
12504 445.587005615234 182.378524780273 88.6329574584961 0.873967945575714 12781 0.798875570297241 1
13264 447.947998046875 175.384979248047 98.2975845336914 0.828176438808441 13502 0.660952746868134 1
16513 525.984008789063 219.275436401367 97.9516906738281 0.894680738449097 16950 0.610146343708038 -1
11530 425.391998291016 177.015213012695 83.9269180297852 0.880458772182465 11686 0.808102071285248 1
12907 466.239990234375 194.469268798828 85.9109497070313 0.897127687931061 13268 0.635405898094177 -1
15554 502.096008300781 206.277526855469 97.223388671875 0.881960570812225 15826 0.827340424060822 -1
13657 481.618988037109 207.013153076172 84.5186920166016 0.912858128547668 13872 0.567339658737183 -1
13933 471.713989257813 193.516723632813 91.8762435913086 0.880109071731567 14177 0.744642198085785 -1
9933 397.720001220703 160.850631713867 79.7827682495117 0.868319451808929 10161 0.706371784210205 1
14676 481.631011962891 202.402069091797 92.9472351074219 0.888322174549103 14936 0.650531888008118 -1
12558 453.22900390625 192.456390380859 84.1114273071289 0.899441361427307 12747 0.786842107772827 1
13485 471.570007324219 198.272644042969 87.7272872924805 0.896789312362671 13734 0.572319865226746 -1
14246 488.915985107422 210.753723144531 86.8851776123047 0.91106653213501 14453 0.748057126998901 -1
11764 428.561004638672 171.586273193359 88.7255020141602 0.855931162834167 12125 0.688033699989319 1
11621 402.210998535156 153.584991455078 96.6377334594727 0.777232587337494 11797 0.810108065605164 1
14340 477.89599609375 196.475067138672 94.2577896118164 0.87740832567215 14700 0.608142495155335 -1
12031 446.989990234375 178.589645385742 88.8414916992187 0.867486000061035 12425 0.580450594425202 1
11720 425.450012207031 171.588012695313 88.3603820800781 0.857216238975525 11912 0.779203534126282 1
11180 427.7080078125 174.703521728516 82.8811340332031 0.880303919315338 11518 0.72194242477417 1
10550 411.029998779297 162.713607788086 83.6772308349609 0.857633888721466 10875 0.618695735931397 1
14786 505.389007568359 214.218383789062 89.4265670776367 0.908697545528412 15177 0.734160900115967 -1
10855 417.316986083984 167.338012695313 84.2298049926758 0.864081859588623 11135 0.604836463928223 1
12000 440.486999511719 181.43522644043 84.9941711425781 0.883487582206726 12196 0.63775509595871 1
13005 467.799987792969 199.964996337891 83.3613052368164 0.908961772918701 13251 0.552933692932129 1
11718 439.204010009766 182.264587402344 82.5956039428711 0.891427576541901 11967 0.648837208747864 1
17335 544.093017578125 239.010498046875 92.9929809570313 0.92120611667633 17526 0.821097016334534 -1
11166 419.433013916016 171.464385986328 84.3246612548828 0.870713174343109 11437 0.604351580142975 1
16582 532.357971191406 223.358840942383 95.7497177124023 0.903455853462219 17089 0.714310348033905 -1
11732 428.183013916016 172.962966918945 86.9869003295898 0.864331722259522 11900 0.631092011928558 1
14706 503.307006835938 212.684020996094 89.0865859985352 0.908047020435333 15074 0.595963716506958 -1
11879 446.143005371094 187.910232543945 81.5909194946289 0.900815725326538 12095 0.652692317962647 1
13054 478.453002929688 203.219635009766 83.0808486938477 0.912613749504089 13329 0.799877464771271 1
13444 474.592987060547 197.950424194336 87.6391906738281 0.896653473377228 13881 0.65660560131073 -1
11083 421.786987304688 171.48567199707 83.6747436523438 0.87287712097168 11415 0.69765830039978 1
12537 440.105987548828 177.274719238281 91.0868148803711 0.857899606227875 12845 0.670427799224854 1
10612 413.855987548828 169.879165649414 80.8967742919922 0.879335999488831 10924 0.671985805034638 1
15341 504.463012695313 210.872192382813 93.9865798950195 0.895180404186249 15628 0.768972456455231 -1
13684 464.566009521484 189.531051635742 92.9057388305664 0.871617078781128 13928 0.605647504329681 -1
12605 448.846008300781 186.716445922852 86.6711807250977 0.885737717151642 12804 0.725969016551971 1
11766 423.980987548828 171.208618164063 88.1124649047852 0.85740053653717 11954 0.63917863368988 1
15676 512.335021972656 214.767852783203 93.7219390869141 0.899758994579315 15961 0.779280185699463 -1
14982 505.078002929688 217.364990234375 88.5952301025391 0.913166224956512 15325 0.559238493442535 -1
14378 491.480010986328 202.711883544922 91.3858032226563 0.892616808414459 14805 0.640217304229736 -1
12917 473.234985351563 200.325332641602 83.2011795043945 0.909670650959015 13302 0.666099429130554 -1
14470 489.786010742187 207.362655639648 89.8126449584961 0.901336908340454 14724 0.619620621204376 -1
13468 470.763000488281 194.473495483398 89.7410659790039 0.887162804603577 14022 0.69183748960495 -1
12994 453.941009521484 192.165985107422 86.5555267333984 0.892816483974457 13152 0.814160406589508 1
14277 492.031005859375 213.299621582031 85.5183715820312 0.916108369827271 14481 0.54252165555954 -1
11898 453.980010986328 195.360046386719 78.3691024780273 0.916011452674866 12134 0.548042356967926 -1
12914 464.179992675781 182.701553344727 91.9550933837891 0.864107251167297 13385 0.643512070178986 1
13153 479.56201171875 207.923934936523 80.9425048828125 0.921115636825562 13339 0.68476676940918 -1
14932 488.864990234375 203.939300537109 94.1123962402344 0.887154459953308 15200 0.781616389751434 1
11088 430.587005615234 184.722015380859 77.0133056640625 0.908945679664612 11263 0.628357708454132 1
13429 491.377014160156 208.908782958984 83.8421173095703 0.915931940078735 13837 0.533066034317017 -1
12854 474.138000488281 202.195709228516 81.746955871582 0.914628148078918 13242 0.643278956413269 -1
11592 436.399993896484 178.135940551758 83.7219924926758 0.882672071456909 11844 0.723595499992371 1
10955 419.994995117188 172.931091308594 81.4696655273437 0.882074177265167 11147 0.614586234092712 1
13513 473.102996826172 196.279083251953 89.5160293579102 0.889946460723877 13867 0.749389946460724 -1
12396 443.153991699219 184.801834106445 86.4686584472656 0.883781731128693 12546 0.587098598480225 1
13034 474.368988037109 203.995849609375 81.9808959960938 0.915694415569305 13316 0.615740716457367 -1
14966 499.638000488281 205.474822998047 93.3816223144531 0.890763342380524 15387 0.581429660320282 -1
10921 425.011993408203 175.638320922852 80.6068801879883 0.88846892118454 11271 0.770440936088562 1
12549 448.847991943359 175.846038818359 92.8781890869141 0.849133014678955 12989 0.664988577365875 1
8628 372.334014892578 157.333038330078 70.1250228881836 0.895177006721497 8782 0.602640211582184 1
13541 478.460998535156 206.699493408203 84.0985565185547 0.913488805294037 13768 0.81346869468689 -1
10817 403.997985839844 167.423355102539 82.7212677001953 0.86941397190094 10953 0.785092175006866 1
15609 492.662994384766 202.230163574219 99.0120468139648 0.871946752071381 15884 0.68102091550827 -1
10651 411.002990722656 167.180099487305 82.5065231323242 0.86973512172699 10893 0.675053894519806 1
10986 425.127014160156 172.678833007813 83.5490875244141 0.875155925750732 11450 0.729918301105499 1
12234 440 178.696533203125 88.4473037719727 0.868916809558868 12435 0.624119997024536 1
14814 503.148010253906 217.256774902344 88.1782684326172 0.913930296897888 15110 0.545113325119019 -1
12683 444.531005859375 176.624969482422 92.5802459716797 0.851618051528931 13094 0.668088912963867 1
12204 436.855010986328 169.293228149414 93.1858139038086 0.834874510765076 12505 0.747794091701508 1
11795 428.75 175.960006713867 86.4206314086914 0.871081829071045 12016 0.73811012506485 1
13342 488.269989013672 208.665512084961 83.1663513183594 0.917140960693359 13703 0.525938212871552 -1
14608 483.161010742188 201.034942626953 93.4607315063477 0.885364294052124 14845 0.655008494853973 1
11742 437.903015136719 182.257064819336 83.0041809082031 0.890274822711945 11974 0.588896155357361 1
11718 449.343994140625 189.140670776367 80.1198196411133 0.905849754810333 12133 0.630542397499085 -1
11850 434.622009277344 180.001449584961 84.9884490966797 0.881515979766846 12073 0.792112290859222 1
14403 510.558990478516 223.412078857422 83.2021102905273 0.92806613445282 14781 0.598777770996094 -1
11747 452.127014160156 194.494857788086 78.7444610595703 0.914375782012939 11935 0.542636752128601 -1
15486 492.694000244141 204.372131347656 97.6780014038086 0.878391444683075 15688 0.60116457939148 -1
11908 447.634002685547 187.821136474609 81.9485092163086 0.899795711040497 12287 0.580311894416809 1
10388 400.591003417969 166.185806274414 80.0937347412109 0.876197099685669 10536 0.670193552970886 1
11682 423.373992919922 168.399490356445 89.3741912841797 0.847542703151703 11963 0.715808808803558 1
12468 461.549987792969 196.818283081055 81.5472946166992 0.910127699375153 12786 0.6765056848526 -1
11413 421.953002929688 171.325286865234 85.9993133544922 0.864887893199921 11688 0.699325978755951 1
15320 511.929992675781 218.623153686523 91.1698150634766 0.908898174762726 15740 0.5456423163414 -1
11809 455.0830078125 185.420104980469 83.6137619018555 0.892553150653839 12318 0.64884614944458 -1
13098 458.733001708984 187.315765380859 90.6300811767578 0.875158786773682 13423 0.601930141448975 1
12723 460.880004882813 185.754745483398 89.1693496704102 0.877247631549835 13302 0.674996018409729 1
11850 440.864990234375 178.622436523438 86.1668701171875 0.875952899456024 12201 0.783730149269104 1
12619 470.614013671875 202.764511108398 80.1795425415039 0.918495297431946 12937 0.60793948173523 -1
11323 420.058013916016 169.976776123047 86.3613662719727 0.861311376094818 11586 0.71919459104538 1
11077 427.664001464844 181.11686706543 78.3497848510742 0.901589572429657 11275 0.55523806810379 1
14463 480.489990234375 201.934219360352 91.9438934326172 0.890329897403717 14698 0.675115525722504 -1
11923 432.334014892578 174.236618041992 88.1315994262695 0.862641632556915 12187 0.624502420425415 1
10774 401.742004394531 164.320236206055 83.7188720703125 0.860478937625885 10944 0.66179358959198 1
10916 416.329010009766 172.507247924805 81.9893112182617 0.879834413528442 11093 0.721480488777161 1
15144 503.324005126953 212.195388793945 91.7761535644531 0.901630222797394 15469 0.627860724925995 -1
14007 490.660003662109 205.396118164062 88.0698394775391 0.903408706188202 14433 0.76893937587738 -1
14026 467.765014648438 191.735412597656 94.2473678588867 0.870849847793579 14222 0.627730011940002 1
11726 450.744995117188 189.093078613281 80.3167495727539 0.90531200170517 12061 0.556261837482452 1
13426 460.226989746094 187.668899536133 91.7764511108399 0.872264802455902 13666 0.65269809961319 1
12162 454.776000976563 191.120803833008 82.3174285888672 0.90249091386795 12493 0.745220601558685 -1
13900 475.889007568359 198.168930053711 90.5426025390625 0.889520108699799 14161 0.717234253883362 -1
11769 427.769989013672 171.657775878906 88.3839263916016 0.857259571552277 12007 0.628551602363586 1
15486 509.135986328125 211.113555908203 94.8222351074219 0.893454968929291 15921 0.686344921588898 -1
12193 436.285003662109 182.627288818359 85.2556076049805 0.884347915649414 12336 0.683081209659576 1
10712 417.251007080078 174.898712158203 79.0819625854492 0.891937553882599 10940 0.58382385969162 1
13012 466.118988037109 196.227111816406 85.119743347168 0.901017963886261 13242 0.581932008266449 1
12198 440.200988769531 180.956604003906 86.9732818603516 0.876923143863678 12412 0.600295305252075 1
13313 470.907012939453 198.214935302734 86.2721252441406 0.900311887264252 13560 0.576969742774963 -1
11993 444.565002441406 187.182907104492 82.6405715942383 0.897263050079346 12276 0.587373912334442 -1
14143 483.864990234375 200.878128051758 90.5923461914063 0.892533242702484 14427 0.59765887260437 -1
11962 440.545013427734 181.723403930664 85.1971817016602 0.883288979530335 12283 0.622858643531799 1
11686 433.438995361328 176.762435913086 85.6466522216797 0.874774813652039 12038 0.781567692756653 1
8702 381.205993652344 160.718826293945 69.7333450317383 0.900968670845032 8924 0.641173005104065 1
15546 518.942993164063 219.226531982422 91.3864059448242 0.9089714884758 15967 0.553514182567597 -1
11708 423.941009521484 173.932006835938 85.9261093139648 0.86944979429245 11918 0.611319959163666 1
12099 427.178985595703 170.919799804688 91.3301162719727 0.845266580581665 12326 0.786159873008728 1
10015 402.178985595703 160.386825561523 81.0769119262695 0.862821578979492 10338 0.694617867469788 1
13404 476.205993652344 203.311569213867 84.6219940185547 0.909264743328095 13751 0.634659111499786 -1
11910 434.738006591797 178.367279052734 86.3225173950195 0.875090479850769 12118 0.791625142097473 1
13479 477.015991210938 200.05305480957 86.6502914428711 0.901328325271606 13786 0.657897293567658 -1
10531 415.105987548828 171.48844909668 78.9014511108398 0.887868285179138 10796 0.60125607252121 1
11327 423.167999267578 169.295455932617 86.5684585571289 0.859375238418579 11657 0.719997465610504 1
14209 496.272003173828 208.822906494141 87.7580337524414 0.907407879829407 14667 0.56573498249054 -1
11678 423.675994873047 173.413940429688 86.4670715332031 0.86682265996933 11839 0.621104121208191 1
16798 529.077026367188 222.796630859375 97.6834259033203 0.898759424686432 17173 0.638173401355743 -1
12397 446.319000244141 184.800262451172 86.4162368774414 0.883929789066315 12594 0.597849130630493 1
14101 479.316009521484 199.087142944336 90.9801254272461 0.889473676681519 14383 0.619687974452972 -1
12465 462.615997314453 196.445739746094 82.0912704467773 0.908501029014587 12794 0.730142951011658 -1
13626 469.342987060547 191.380233764648 92.1739196777344 0.876376211643219 13931 0.607219278812409 1
11525 433.781005859375 184.42333984375 80.1666259765625 0.900581061840057 11697 0.612706005573273 1
12655 459.904998779297 192.99479675293 84.9026947021484 0.898035883903503 12959 0.645334005355835 -1
11310 424.217987060547 173.269378662109 84.4845962524414 0.873072147369385 11629 0.711186587810516 1
12861 471.920989990234 193.250915527344 86.4582214355469 0.894339740276337 13330 0.633421957492828 -1
11415 438.929992675781 184.567108154297 80.0994186401367 0.900919914245606 11745 0.791060268878937 1
12289 444.554992675781 186.35285949707 84.8592987060547 0.890302836894989 12448 0.767678678035736 1
13455 467.197998046875 195.928573608398 88.519172668457 0.892122745513916 13723 0.753528237342835 -1
11327 415.815002441406 171.681015014648 84.5009002685547 0.870483756065369 11497 0.802763998508453 1
10838 412.490997314453 165.197463989258 84.8557891845703 0.857992172241211 11167 0.718319177627564 1
15809 518.455017089844 221.070678710937 92.2322998046875 0.908811330795288 16079 0.814812898635864 -1
15975 522.804016113281 218.417678833008 94.0441284179687 0.902557134628296 16290 0.567636728286743 -1
13567 481.404998779297 202.01969909668 86.4185485839844 0.903886258602142 13976 0.750927090644837 -1
14444 491.144012451172 203.507186889648 91.6026992797852 0.892967998981476 14773 0.577944934368134 -1
9908 432.769012451172 188.187683105469 67.6953430175781 0.933059334754944 10205 0.611680448055267 -1
11353 418.756011962891 169.480072021484 86.2026824951172 0.860985100269318 11510 0.622969686985016 1
10483 419.015991210938 176.620101928711 76.32421875 0.901807606220245 10773 0.69286185503006 1
11940 443.967987060547 187.333618164063 82.1827850341797 0.898634791374207 12184 0.636392712593079 -1
10796 416.259002685547 168.601196289063 82.7127304077149 0.871394991874695 10985 0.598182618618012 1
15147 511.294006347656 216.09928894043 90.9463882446289 0.907128095626831 15637 0.534851670265198 -1
13325 468.350006103516 188.902740478516 90.8317108154297 0.876809179782867 13643 0.612643659114838 1
13913 474.451995849609 199.117431640625 89.7170333862305 0.892739355564117 14164 0.673101127147675 -1
14656 494.311004638672 206.020065307617 91.7309722900391 0.895404994487762 15072 0.615436315536499 -1
11288 429.647003173828 173.535583496094 84.2954711914063 0.874095976352692 11665 0.593106329441071 1
11835 431.033996582031 180.461837768555 84.1444091796875 0.884641051292419 12016 0.633023083209991 1
12164 435.085998535156 177.585800170898 88.199333190918 0.867946565151215 12354 0.710223615169525 1
11889 439.989013671875 186.107849121094 82.1430435180664 0.897323548793793 12096 0.797705292701721 1
9972 397.638000488281 165.39958190918 77.7096176147461 0.882757127285004 10230 0.795215308666229 1
12085 431.2080078125 168.884750366211 92.5495681762695 0.836475551128387 12279 0.702575445175171 1
10737 414.471984863281 170.457580566406 81.1702880859375 0.879342138767242 10986 0.611794888973236 1
11422 425.128997802734 176.656860351563 82.9521560668945 0.882897078990936 11608 0.650900363922119 1
11398 431.739990234375 179.467346191406 81.842643737793 0.889963984489441 11627 0.594017088413239 1
11465 410.515014648438 160.706329345703 92.1443252563477 0.819295942783356 11706 0.75756573677063 1
11599 432.316986083984 180.881851196289 82.3210601806641 0.890435457229614 11788 0.615005314350128 1
11657 432.565002441406 177.719940185547 84.2109680175781 0.880610466003418 11946 0.60786360502243 1
16606 516.364990234375 211.594207763672 101.769905090332 0.876738488674164 17032 0.707119762897491 -1
11893 441.399993896484 182.086196899414 84.2427673339844 0.886539340019226 12092 0.578397035598755 1
13895 488.252990722656 207.034484863281 86.1609878540039 0.909288048744202 14228 0.782905101776123 -1
10395 403.010009765625 169.25749206543 78.7308197021484 0.885229706764221 10559 0.593321919441223 1
13361 456.744995117188 183.196273803711 93.6411056518555 0.85949045419693 13610 0.68560141324997 1
14828 494.287994384766 202.103149414062 95.0346221923828 0.882544815540314 15197 0.591794371604919 -1
12041 427.290008544922 174.145446777344 88.9172592163086 0.859823167324066 12291 0.634672164916992 1
13450 465.398010253906 193.374969482422 89.5068969726563 0.886427700519562 13661 0.615786075592041 -1
12418 453.045989990234 187.821212768555 85.1721878051758 0.891269087791443 12719 0.77997612953186 1
11622 419.566009521484 167.307067871094 89.6801834106445 0.844204366207123 11854 0.631115913391113 1
15050 502.591003417969 206.386581420898 93.8085021972656 0.890732407569885 15464 0.591216206550598 -1
11572 418.628997802734 164.123260498047 90.9829711914063 0.832278609275818 11861 0.661635220050812 1
11001 415.039001464844 173.104156494141 82.0634002685547 0.880487442016601 11132 0.789620995521546 1
12659 453.768005371094 188.040298461914 86.7074966430664 0.88734233379364 12887 0.664340078830719 1
10260 417 172.993560791016 76.9076919555664 0.895744264125824 10527 0.588235318660736 1
15381 503.579010009766 211.883529663086 93.3097457885742 0.897810399532318 15749 0.740325391292572 -1
10286 418.289001464844 175.148590087891 75.8538131713867 0.901354193687439 10548 0.641591787338257 1
10134 406.045013427734 167.605514526367 78.0408554077148 0.884983599185944 10358 0.587308049201965 1
13932 462.022003173828 187.780288696289 95.7806015014648 0.860134422779083 14180 0.704918026924133 1
11523 441.403015136719 183.050598144531 81.2724609375 0.896032214164734 11815 0.782812476158142 1
12822 459.680999755859 190.302597045898 87.4113388061523 0.888266682624817 13167 0.655923902988434 1
14235 505.845001220703 214.156600952148 87.4798431396484 0.912764847278595 14687 0.682570099830627 -1
13049 469.537994384766 196.466171264648 85.9948425292969 0.899117112159729 13409 0.727004289627075 1
11443 427.230987548828 176.981979370117 82.917594909668 0.883458912372589 11618 0.628978192806244 1
14889 499.205993652344 210.384155273437 91.711784362793 0.899982810020447 15221 0.604629456996918 -1
11259 421.505004882813 172.211837768555 84.221549987793 0.872251331806183 11522 0.793669819831848 1
12013 443.477996826172 189.286911010742 81.2872772216797 0.903095602989197 12160 0.567775785923004 1
14771 471.910003662109 193.905426025391 98.0341720581055 0.862781345844269 14976 0.614817917346954 1
12573 471.644989013672 199.336990356445 81.5809936523437 0.91241705417633 12979 0.534566342830658 -1
12345 438.024993896484 177.279220581055 89.734260559082 0.862430989742279 12586 0.621413469314575 1
12434 437.897003173828 183.228729248047 87.0101547241211 0.880055010318756 12605 0.725014567375183 1
11512 427.567993164063 172.210098266602 85.4430618286133 0.868233442306519 11802 0.690789103507996 1
13683 461.567993164063 189.245330810547 93.113166809082 0.870581865310669 13944 0.626510977745056 1
12184 437.838989257812 180.107086181641 87.2916946411133 0.874699592590332 12398 0.77373468875885 1
15603 511.743988037109 211.104202270508 95.4399871826172 0.8919677734375 16021 0.580511927604675 -1
11419 431.513000488281 175.956527709961 83.6726989746094 0.879699230194092 11732 0.66777777671814 1
9961 397.929992675781 166.00798034668 77.4435882568359 0.884518444538116 10130 0.627978801727295 1
12330 433.069000244141 173.934555053711 91.4620513916016 0.850582420825958 12550 0.684239745140076 1
14805 484.631988525391 202.980239868164 93.6964721679687 0.887086153030396 15090 0.784204661846161 -1
13792 475.782012939453 196.706588745117 90.3471069335938 0.88828182220459 14183 0.773267567157745 -1
11024 414.859008789063 165.832138061523 85.6408309936523 0.856328904628754 11342 0.635023057460785 1
14646 511.451995849609 220.482574462891 85.631706237793 0.921498000621796 14999 0.636671900749207 -1
10516 423.399993896484 175.920669555664 77.7380523681641 0.897067964076996 10787 0.63687014579773 1
12470 455.897003173828 192.461151123047 83.3955307006836 0.901244461536408 12704 0.581297755241394 -1
11866 436.128997802734 176.120864868164 87.7880554199219 0.866916477680206 12210 0.616223514080048 1
9120 383.572998046875 158.462707519531 74.1576766967773 0.883738040924072 9293 0.617635130882263 1
14627 498.072998046875 205.787536621094 92.4283142089844 0.89345920085907 15091 0.605522453784943 -1
15779 506.377014160156 209.404891967773 97.4309005737305 0.885166108608246 16201 0.61946451663971 -1
12008 433.234008789063 184.127410888672 83.7060394287109 0.890690922737122 12129 0.644033253192902 1
12835 481.502990722656 212.537536621094 77.4526214599609 0.931235253810882 13055 0.511946082115173 -1
11518 428.709991455078 175.936080932617 84.2515563964844 0.877882599830627 11754 0.660397887229919 1
11458 437.441009521484 178.603591918945 83.9828491210938 0.882549643516541 11732 0.762037754058838 1
11774 433.72900390625 180.27848815918 84.2235107421875 0.8841592669487 12036 0.797696471214294 1
12580 479.217010498047 208.423751831055 77.7403411865234 0.927834630012512 12879 0.573068499565125 -1
11635 436.334014892578 179.397491455078 84.0184020996094 0.88355016708374 11920 0.665922641754151 1
12473 440.925994873047 180.64567565918 88.5600814819336 0.871586382389069 12673 0.629854083061218 1
12726 455.346008300781 188.777786254883 86.9399108886719 0.88763839006424 13010 0.768478274345398 1
12895 461.582000732422 189.032028198242 88.7639083862305 0.88289487361908 13267 0.767194211483002 1
10364 417.102996826172 171.731155395508 78.3807754516602 0.889766752719879 10737 0.571208119392395 1
13434 483.364990234375 204.568023681641 84.1559982299805 0.911462128162384 13773 0.722258090972901 -1
11865 426.727996826172 170.871704101563 89.4592208862305 0.851997315883637 12085 0.641802370548248 1
10669 403.674987792969 164.547378540039 83.4362869262695 0.861907541751861 10885 0.713836491107941 1
9908 400.998992919922 170.604873657227 74.514404296875 0.899575173854828 10075 0.586098790168762 1
13932 495.528015136719 213.348541259766 84.3209075927734 0.918583869934082 14297 0.554838716983795 -1
11962 429.180999755859 175.887847900391 87.9685440063477 0.865944564342499 12152 0.785681426525116 1
13848 492.910003662109 207.014572143555 86.9844436645508 0.907438397407532 14383 0.668791651725769 -1
12624 452.731994628906 192.110961914063 84.6123733520508 0.897784531116486 12791 0.565591394901276 1
11451 426.247009277344 176.121795654297 84.3553161621094 0.877836644649506 11666 0.60848081111908 1
10604 409.510986328125 172.302703857422 78.918830871582 0.888939678668976 10755 0.586180210113525 1
12206 441.285003662109 186.760314941406 83.6575469970703 0.894063293933868 12404 0.590517640113831 1
17082 548.445983886719 230.188720703125 95.7575836181641 0.909366428852081 17576 0.592466711997986 -1
11783 429.394989013672 172.837005615234 88.3060531616211 0.859627664089203 12031 0.7339146733284 1
10736 416.799987792969 176.13525390625 78.6436233520508 0.894785821437836 10930 0.79809695482254 1
14723 491.054992675781 204.175674438477 93.0654907226563 0.890076637268066 15021 0.575679361820221 -1
12003 433.52099609375 178.550384521484 86.432731628418 0.875023543834686 12171 0.766475081443787 1
11856 456.421997070312 201.003372192383 75.4210815429687 0.926934599876404 12027 0.716461181640625 -1
14968 514.801025390625 220.223999023437 87.7353439331055 0.917215526103973 15438 0.740916728973389 -1
13269 470.635009765625 197.384094238281 86.4286499023438 0.899038136005402 13626 0.56632524728775 -1
12059 431.64599609375 171.671997070313 90.9151306152344 0.84825611114502 12359 0.699559092521668 1
14101 464.966003417969 186.483840942383 97.5332107543945 0.852325558662415 14346 0.678977251052857 1
12213 452.403991699219 192.341827392578 81.4441986083984 0.905926644802094 12406 0.642620384693146 1
12574 466.519989013672 197.863235473633 81.8879928588867 0.910339832305908 12902 0.661789476871491 1
14850 509.274993896484 215.963195800781 89.1265487670898 0.91087007522583 15372 0.79941862821579 -1
12509 464.509002685547 201.531494140625 79.6508102416992 0.91858321428299 12703 0.544817090034485 -1
10472 403.691986083984 164.482437133789 81.6754760742188 0.868002116680145 10688 0.694798290729523 1
14410 483.808990478516 200.635055541992 92.5211791992188 0.887326538562775 14788 0.583211898803711 -1
15830 520.510009765625 219.447616577148 92.6646041870117 0.906473398208618 16121 0.595112800598145 -1
13328 489.385986328125 217.285614013672 78.7089080810547 0.932085990905762 13530 0.757444858551026 -1
15811 514.377990722656 218.731369018555 93.1643753051758 0.904755830764771 16135 0.818671345710754 -1
17313 531.984008789063 225.534591674805 98.4435043334961 0.899709284305573 17582 0.569881498813629 -1
12043 444.058013916016 179.917205810547 86.4832000732422 0.876894235610962 12364 0.69612717628479 1
12110 458.075988769531 192.499145507813 81.7942810058594 0.905236899852753 12562 0.70868444442749 -1
15725 515.257995605469 221.660095214844 91.2317199707031 0.911371886730194 16027 0.600488781929016 -1
10534 423.621002197266 176.343719482422 77.7080001831055 0.897673070430756 10826 0.804244935512543 1
12243 449.680999755859 182.02619934082 87.131706237793 0.877991199493408 12744 0.778569161891937 1
14586 484.053009033203 196.403396606445 95.8562164306641 0.872811317443848 14976 0.771541893482208 -1
10979 417.363006591797 175.872436523438 80.2777709960938 0.889746725559235 11146 0.66684889793396 1
10481 413.721984863281 174.164627075195 77.6602935791016 0.89508193731308 10648 0.806478917598724 1
14466 497.839996337891 204.409545898437 91.2147827148437 0.894915640354157 14885 0.656500995159149 -1
14751 499.02099609375 214.037139892578 88.6286468505859 0.910240173339844 14955 0.552678883075714 -1
14686 503.690002441406 212.258682250977 89.78369140625 0.906133472919464 15003 0.552146792411804 -1
12526 439.221984863281 178.216033935547 90.4044494628906 0.86178457736969 12819 0.668945252895355 1
15073 498.361999511719 205.803100585937 93.9962768554688 0.889605760574341 15476 0.613921463489533 -1
12605 447.661010742188 183.501190185547 88.5161895751953 0.875965416431427 12859 0.595755755901337 -1
15806 513.844970703125 221.1923828125 91.629508972168 0.910161972045898 16043 0.574868142604828 -1
12752 459.447998046875 196.430053710937 83.1092681884766 0.906083703041077 13059 0.79067462682724 -1
10335 416.850006103516 178.799194335938 74.708610534668 0.90852278470993 10504 0.711531817913055 1
12962 456.713989257813 185.999099731445 90.1675720214844 0.874639332294464 13224 0.60837322473526 1
12789 454.389007568359 183.624557495117 89.7211303710938 0.872501254081726 13114 0.695054352283478 -1
9802 396.816009521484 166.890213012695 75.1170120239258 0.892978966236115 9948 0.57117885351181 1
11986 432.290985107422 172.400634765625 89.6259384155274 0.85424530506134 12279 0.658824801445007 1
12333 463.154998779297 196.59944152832 81.6015319824219 0.909791827201843 12705 0.592021882534027 -1
10524 402.494995117188 164.081939697266 82.4643783569336 0.864530444145203 10713 0.632527947425842 1
14956 490.256011962891 204.541229248047 93.7512893676758 0.888772249221802 15196 0.672784507274628 -1
12837 445.638000488281 178.198287963867 93.7312316894531 0.850488245487213 13197 0.762926399707794 1
10121 405.709014892578 168.877105712891 77.0866317749023 0.889740943908691 10373 0.743535101413727 1
15715 511.25 210.911605834961 96.0047378540039 0.890394628047943 16096 0.581412553787231 -1
12362 448.111999511719 181.0390625 88.5260772705078 0.872290074825287 12720 0.632780492305756 1
11883 429.131011962891 171.334289550781 89.8245086669922 0.851555407047272 12179 0.763639867305756 1
15241 511.061004638672 215.369171142578 91.2743453979492 0.90575385093689 15604 0.543234944343567 -1
12349 452.009002685547 187.968734741211 84.5486526489258 0.893128454685211 12646 0.585760354995728 1
10360 408.281005859375 165.732925415039 81.2866363525391 0.871459424495697 10649 0.785264909267426 1
13789 471.303009033203 198.523468017578 88.7128829956055 0.894602179527283 14025 0.631364464759827 -1
11070 419.403015136719 173.575042724609 82.1542129516602 0.880897760391235 11266 0.6005859375 1
12672 450.343994140625 184.40461730957 88.7812118530274 0.876474738121033 12939 0.782608687877655 1
11905 433.25 172.770599365234 89.2366027832031 0.856285154819489 12224 0.732074797153473 1
10860 411.846008300781 165.193984985352 85.3247756958008 0.85627955198288 11212 0.751973390579224 1
13935 483.243988037109 196.786102294922 91.7178497314453 0.88474315404892 14428 0.59323114156723 -1
10309 396.539001464844 161.233413696289 81.9371032714844 0.861245334148407 10478 0.707549750804901 1
14753 494.851989746094 212.103012084961 89.3652954101563 0.906907558441162 15051 0.816888153553009 -1
15290 519.317016601562 221.429626464844 88.8773422241211 0.915911793708801 15699 0.661561071872711 -1
12326 444.066986083984 181.011428833008 87.6671676635742 0.874891817569733 12597 0.670802712440491 1
13410 477.084991455078 195.798934936523 88.7767486572266 0.891303241252899 13842 0.572343170642853 -1
11491 440.468994140625 183.995330810547 80.8708724975586 0.898229479789734 11819 0.664988398551941 -1
11304 419.180999755859 171.379119873047 84.6748123168945 0.869417011737824 11504 0.720918357372284 1
15636 513.226989746094 214.383560180664 93.9777603149414 0.898798167705536 15913 0.566275537014008 -1
11062 411.109008789063 167.803192138672 84.9828262329102 0.862273156642914 11242 0.822575867176056 1
11748 433.77099609375 178.339477539063 85.6252212524414 0.877200126647949 12053 0.65295684337616 1
11382 418.335998535156 169.882965087891 86.6600875854492 0.860105395317078 11575 0.620002150535584 1
11480 432.824005126953 174.962463378906 85.0884628295898 0.873778522014618 11833 0.59083890914917 1
14530 487.096984863281 201.806228637695 93.058952331543 0.887332499027252 14926 0.687127590179443 -1
11161 433.829986572266 182.074905395508 78.9506759643555 0.901097536087036 11490 0.611226737499237 -1
10882 411.746002197266 168.95947265625 83.1814727783203 0.870416462421417 11033 0.754018843173981 1
15311 507.994995117187 215.141448974609 91.6197509765625 0.904789924621582 15690 0.704407453536987 -1
11792 443.911010742188 186.197235107422 81.231086730957 0.899818897247314 12012 0.625338077545166 1
14851 512.318969726563 218.008361816406 88.4966659545898 0.913903057575226 15556 0.717751681804657 -1
12593 432.183990478516 171.48469543457 93.9250259399414 0.836663901805878 12785 0.663767635822296 1
10862 412.425994873047 167.386947631836 83.5316009521484 0.866582989692688 11050 0.672153472900391 1
12146 442.247009277344 176.506164550781 89.7515869140625 0.8610680103302 12502 0.775408565998078 1
12624 451.756988525391 188.236358642578 86.3559875488281 0.888558387756348 12878 0.809023320674896 1
11941 434.803985595703 174.229888916016 89.4745254516602 0.858063936233521 12249 0.754136681556702 1
13520 471.528991699219 195.30615234375 89.440559387207 0.888977646827698 13950 0.570127367973328 -1
12056 431.851013183594 182.363128662109 84.4325408935547 0.886362850666046 12191 0.797354519367218 1
14549 488.953002929688 206.69482421875 90.7606887817383 0.898435831069946 14856 0.582472562789917 -1
11220 418.549011230469 172.758026123047 83.3267211914063 0.8759885430336 11380 0.606617629528046 1
14467 498.623992919922 213.595626831055 86.9999923706055 0.913289248943329 14857 0.740757822990418 -1
13269 458.493988037109 183.404357910156 93.3401412963867 0.860807359218597 13619 0.61074286699295 1
10150 405.736999511719 164.718551635742 80.2642440795898 0.873245179653168 10338 0.592700719833374 1
14587 491.803985595703 204.834625244141 91.9131927490234 0.89367288351059 14926 0.609824419021607 -1
12633 452.002990722656 186.434478759766 87.4246368408203 0.883235573768616 12863 0.584617495536804 1
13909 474.111999511719 197.458374023438 90.1740646362305 0.889634191989899 14227 0.742962419986725 -1
14851 517.346984863281 217.698394775391 88.8102493286133 0.913003861904144 15256 0.728061556816101 -1
11234 425.930999755859 176.301986694336 82.1015319824219 0.884949505329132 11452 0.655578911304474 1
10156 409.290008544922 177.744995117188 73.2296295166016 0.911187171936035 10327 0.751795113086701 1
12712 453.079986572266 192.815460205078 84.607536315918 0.898584485054016 12891 0.568769574165344 1
15568 519.455993652344 222.228088378906 90.8175277709961 0.912683069705963 15984 0.782704889774323 -1
10600 414.865997314453 174.650543212891 78.2321090698242 0.894066095352173 10800 0.602820754051209 1
9593 396.049987792969 162.590728759766 75.9991760253906 0.884032070636749 9828 0.744798123836517 1
11903 433.713012695312 180.906036376953 84.3602523803711 0.884615659713745 12104 0.686447501182556 1
16006 528.176025390625 222.671905517578 93.0961303710938 0.908407211303711 16466 0.611850142478943 -1
15398 518.744995117187 215.329071044922 93.0628890991211 0.901782989501953 15753 0.798154652118683 -1
12299 446.101989746094 185.857894897461 85.4524765014648 0.888036370277405 12528 0.668423891067505 1
11584 434.739013671875 180.847427368164 82.1837463378906 0.890778958797455 11863 0.681732594966888 1
11605 429.225006103516 175.014495849609 85.50439453125 0.872532486915588 11933 0.609762489795685 1
13884 491.618011474609 207.654373168945 86.3434906005859 0.909454345703125 14232 0.542364954948425 -1
11535 420.81201171875 169.730422973633 87.8631973266602 0.855584442615509 11793 0.660199165344238 1
13787 476.89599609375 201.338317871094 88.1644821166992 0.899027466773987 14045 0.575994312763214 -1
11584 431.358001708984 170.82942199707 87.8700942993164 0.857566356658936 11897 0.613559305667877 1
13226 480.157012939453 202.748413085938 84.3441543579102 0.90936279296875 13617 0.70704585313797 -1
14337 501.765991210938 219.31266784668 83.4464416503906 0.924784719944 14631 0.743157804012299 -1
9424 387.973999023438 154.510940551758 79.7123184204102 0.856648325920105 9633 0.604528844356537 1
14828 493.5 209.903564453125 90.6699142456055 0.901892840862274 15090 0.606511771678925 -1
12275 454.692993164062 181.871292114258 87.0089950561524 0.87813675403595 12709 0.692681014537811 1
12423 436.493011474609 180.121017456055 88.6171112060547 0.87060284614563 12567 0.662242114543915 1
11770 429.244995117188 177.578140258789 85.3131866455078 0.877035140991211 11938 0.592499375343323 1
10566 405.302001953125 164.946975708008 82.9260177612305 0.864435613155365 10834 0.604013025760651 1
15929 513.940002441406 212.657516479492 96.9979934692383 0.889916718006134 16293 0.725860118865967 -1
11568 429.548004150391 174.586563110352 85.2039184570313 0.872825443744659 11800 0.60187304019928 1
11945 414.14599609375 162.352783203125 94.9472808837891 0.811162531375885 12106 0.79776930809021 1
14802 497.832000732422 209.617950439453 91.1471328735352 0.900514960289001 15208 0.622979819774628 -1
10943 412.061004638672 169.890258789063 82.8292999267578 0.873097360134125 11132 0.741395652294159 1
9768 413.558013916016 179.797760009766 69.9279708862305 0.921269118785858 9943 0.702531635761261 1
15009 502.488006591797 211.090362548828 91.7615432739258 0.900574028491974 15370 0.615753829479218 -1
13760 474.18798828125 198.391555786133 89.0460510253906 0.893612205982208 13989 0.633750915527344 -1
11447 419.619995117187 163.920532226563 91.2741470336914 0.830633521080017 11831 0.732983291149139 1
11939 437.733001708984 178.898880004883 86.4424209594727 0.875514686107636 12204 0.638995945453644 1
10982 411.574005126953 164.911361694336 86.4507141113281 0.851579606533051 11289 0.70379388332367 1
12892 482.630004882813 204.597763061523 82.3520126342774 0.915416955947876 13376 0.651242673397064 -1
13562 474.218994140625 194.612762451172 90.6689758300781 0.884840369224548 13871 0.713338971138001 -1
14806 509.376007080078 214.142425537109 89.6917037963867 0.908059418201446 15594 0.708794116973877 -1
11178 419.278015136719 166.614303588867 87.0708847045898 0.852584481239319 11507 0.60447758436203 1
10680 413.803009033203 171.882019042969 79.8655624389648 0.885492622852325 10848 0.590773344039917 1
14085 489.454986572266 200.526550292969 91.2356262207031 0.890501499176025 14670 0.627170741558075 -1
11176 427.3330078125 176.655853271484 82.1324310302734 0.885347962379456 11438 0.580873191356659 1
13605 466.93701171875 191.522232055664 91.732048034668 0.877835154533386 13919 0.612010776996613 -1
9741 430.559997558594 180.066284179688 71.1744918823242 0.91856575012207 10204 0.764599680900574 1
10847 417.924011230469 170.366790771484 82.4730072021484 0.875017702579499 11107 0.746318995952606 1
15136 518.643981933594 221.709106445312 88.207633972168 0.917449176311493 15469 0.529712319374085 -1
13822 491.661010742188 212.135406494141 83.6546249389648 0.918962299823761 14073 0.654698729515076 -1
11960 440.941986083984 182.053436279297 84.7226638793945 0.885114908218384 12191 0.62650603055954 1
13803 492.02099609375 207.049942016602 87.1841049194336 0.907024621963501 14174 0.56914895772934 -1
13352 514.486999511719 232.480209350586 73.9867630004883 0.948006927967072 13585 0.592816233634949 -1
15301 515.526977539063 220.292129516602 89.4664459228516 0.913816928863525 15690 0.537669539451599 -1
13576 475.049987792969 200.999420166016 86.5489959716797 0.902546107769012 13888 0.583286762237549 -1
11488 416.377990722656 170.404800415039 86.1388854980469 0.862829148769379 11663 0.753212690353393 1
13425 477.197998046875 199.756362915039 86.6409683227539 0.901041328907013 13784 0.611673057079315 -1
15557 509.022003173828 211.933547973633 94.7585983276367 0.894476652145386 16075 0.643117010593414 -1
12345 440.196014404297 180.389373779297 88.1568603515625 0.872450113296509 12591 0.733685970306397 1
12670 462.914001464844 190.205093383789 86.2152328491211 0.89137065410614 13047 0.713200092315674 1
16156 495.713989257813 197.274307250977 105.537979125977 0.844864189624786 16434 0.709405481815338 -1
11772 436.596008300781 181.492660522461 83.7327194213867 0.887215137481689 11984 0.572011649608612 1
16431 509.385009765625 208.052871704102 101.961486816406 0.871680319309235 16875 0.732219278812408 -1
15226 500.170013427734 205.315002441406 96.1776885986328 0.883495509624481 15594 0.793434083461762 -1
11784 438.119995117188 181.757888793945 83.7443618774414 0.887531638145447 11981 0.803765118122101 -1
12326 459.682006835938 194.340972900391 82.0794677734375 0.906433880329132 12686 0.619334757328034 -1
10724 421.697998046875 168.368530273438 83.7353286743164 0.867559373378754 10988 0.594456791877747 1
13003 478.587005615234 197.881210327148 85.5315933227539 0.90175998210907 13402 0.588850677013397 1
13806 490.510009765625 209.720840454102 85.1312408447266 0.913905739784241 14284 0.795872509479523 -1
12354 453.089996337891 192.006744384766 82.8737030029297 0.902056157588959 12602 0.657617390155792 1
13333 472.384002685547 200.938568115234 85.1728057861328 0.905720770359039 13585 0.680255115032196 -1
11549 425.220001220703 174.226974487305 85.7846527099609 0.870384335517883 11805 0.630128741264343 1
14314 484.730987548828 206.865539550781 88.5628967285156 0.903722763061523 14536 0.753368437290192 -1
12886 455.518005371094 189.859893798828 87.4991836547852 0.887471914291382 13080 0.592296361923218 -1
13002 458.316009521484 187.3974609375 89.5873794555664 0.878326773643494 13319 0.676342070102692 1
12482 448.539001464844 185.090042114258 87.2516098022461 0.881919026374817 12744 0.592687547206879 1
10640 411.880004882813 169.390472412109 81.0284805297852 0.878167510032654 10901 0.660869538784027 1
13682 488.899993896484 199.559692382813 89.4422149658203 0.893934369087219 14457 0.599666893482208 -1
18913 541.745971679688 227.135482788086 106.948356628418 0.882209479808807 19099 0.804124176502228 -1
15306 524.684997558594 227.781860351562 87.0425262451172 0.924108147621155 15837 0.512506306171417 -1
11792 427.782989501953 180.87174987793 83.2707824707031 0.887718975543976 11923 0.718323588371277 1
14561 493.529998779297 208.692962646484 89.7052917480469 0.902903437614441 14986 0.772057235240936 -1
11578 431.506011962891 181.234512329102 82.6664276123047 0.889913380146027 11747 0.619011998176575 1
8965 383.481994628906 156.289443969727 74.6770782470703 0.878461718559265 9317 0.620286464691162 1
14305 490.182006835938 206.884719848633 88.6757965087891 0.903482913970947 14695 0.654182076454163 -1
11481 419.066986083984 170.329559326172 86.6847076416016 0.860811769962311 11674 0.741666674613953 1
14558 496.304992675781 204.360626220703 91.9566040039063 0.89304256439209 14908 0.569472670555115 -1
12918 459.828002929688 193.346572875977 86.0588302612305 0.895480155944824 13179 0.776695549488068 1
13920 480.111999511719 195.670074462891 92.5484390258789 0.881072044372559 14350 0.577114403247833 -1
11226 416.082000732422 166.272644042969 87.0969390869141 0.851828992366791 11515 0.635457932949066 1
15790 516.47998046875 218.425903320312 92.9359359741211 0.904967665672302 16197 0.750154376029968 -1
11715 439.703002929688 183.222732543945 82.4832229614258 0.892937779426575 11948 0.604489147663117 1
12960 460.867004394531 191.517700195313 86.7977905273438 0.891403615474701 13211 0.588235318660736 1
12279 441.227996826172 180.483947753906 88.0379791259766 0.872961878776551 12525 0.596473336219788 1
12244 442.190002441406 179.901458740234 87.8075942993164 0.87279486656189 12568 0.632699489593506 1
10250 407.289001464844 165.721893310547 79.9631423950195 0.875888228416443 10512 0.722339689731598 1
11840 432.384002685547 175.836883544922 86.6477813720703 0.870157539844513 12032 0.625759720802307 1
10527 408.977996826172 170.890014648438 79.3797760009766 0.885568916797638 10692 0.651020407676697 1
14295 484.226989746094 202.770568847656 91.3971176147461 0.892654478549957 14528 0.551823973655701 -1
12796 471.209014892578 203.929626464844 80.3300094604492 0.919148862361908 13022 0.684058606624603 -1
13711 483.214996337891 203.880767822266 86.6269073486328 0.905244946479797 14097 0.561466038227081 -1
12325 454.049011230469 192.695053100586 82.5529098510742 0.903583407402038 12583 0.786033153533936 1
13215 479.609985351563 207.888000488281 81.6760635375977 0.919587671756744 13462 0.53667151927948 -1
13790 479.299987792969 198.901321411133 90.1360321044922 0.891424298286438 14190 0.586908400058746 -1
16085 520.705993652344 217.496307373047 95.4055709838867 0.898656129837036 16514 0.702708601951599 -1
12650 438.144989013672 175.839828491211 92.569938659668 0.850209355354309 12871 0.794348537921906 1
14759 483.266998291016 203.965866088867 92.5514526367187 0.891124188899994 15002 0.785053193569183 -1
13834 480.273986816406 202.770278930664 87.7243957519531 0.901571810245514 14151 0.728105247020722 -1
13970 494.653991699219 211.742691040039 85.0702514648438 0.915743947029114 14280 0.69627195596695 -1
10595 403.820007324219 163.121490478516 83.7796173095703 0.858028173446655 10832 0.619228541851044 1
13858 490.570007324219 203.70947265625 88.1739273071289 0.901470005512238 14265 0.6531862616539 -1
12390 454.490997314453 195.734466552734 81.3621520996094 0.90951269865036 12550 0.598377287387848 1
10386 411.139007568359 171.527328491211 77.8758926391602 0.890994310379028 10636 0.591963529586792 1
14013 480.830993652344 191.845077514648 94.8756866455078 0.869153022766113 14622 0.62591564655304 -1
13295 475.743011474609 199.240737915039 86.0837783813477 0.901845276355743 13639 0.615994095802307 -1
17263 520.302978515625 215.004409790039 103.367218017578 0.876847922801971 17565 0.661874115467072 -1
12675 466.101013183594 195.808227539063 83.4039535522461 0.904748022556305 12977 0.580250859260559 1
11249 423.095001220703 167.863006591797 86.5387725830078 0.856870293617249 11560 0.618893027305603 1
11846 437.346984863281 182.628814697266 82.9129638671875 0.891003131866455 12019 0.579323172569275 1
16253 525.481994628906 218.527557373047 95.9118423461914 0.89853572845459 16690 0.567968964576721 -1
14589 495.929992675781 210.283935546875 89.4249496459961 0.905072152614594 14853 0.665101408958435 -1
14816 496.316009521484 206.657424926758 92.1741256713867 0.895021140575409 15194 0.581498503684998 -1
13746 483.820007324219 205.842193603516 86.1886901855469 0.908118844032288 14060 0.715937495231628 -1
14747 494.941986083984 209.205902099609 90.6475372314453 0.901252925395966 15124 0.556028962135315 -1
11165 424.161010742187 174.631530761719 82.3162078857422 0.881935119628906 11467 0.642109513282776 1
11365 421.175994873047 179.132873535156 81.1146392822266 0.89160281419754 11499 0.652036726474762 1
11940 423.674987792969 168.634017944336 91.3642654418945 0.840513706207276 12191 0.663997352123261 1
10482 402.52099609375 164.542129516602 82.0277862548828 0.866877377033234 10679 0.618115365505219 1
12213 450.218994140625 188.316787719727 83.7176895141602 0.895750164985657 12447 0.717989444732666 1
13645 454.614990234375 182.604644775391 95.7082443237305 0.85163938999176 13819 0.627529442310333 1
14713 500.160003662109 207.158203125 91.4610595703125 0.897259593009949 15111 0.571933925151825 -1
14379 495.151000976562 212.020965576172 87.8146667480469 0.910195350646973 14834 0.790793597698212 -1
12074 435.078002929687 181.39030456543 85.6911163330078 0.881377398967743 12257 0.699090957641602 1
12067 438.881988525391 177.977645874023 87.7378005981445 0.870045781135559 12423 0.66731184720993 1
15228 505.265014648438 209.625274658203 93.5268630981445 0.894952178001404 15501 0.739223301410675 -1
13084 473.766998291016 195.838241577148 86.3799285888672 0.89746880531311 13453 0.588044941425324 -1
12759 463.640991210938 200.957458496094 81.2090835571289 0.91471004486084 12993 0.778937757015228 -1
15452 513.262023925781 220.039077758789 90.5523376464844 0.911396920681 15775 0.781193137168884 -1
11969 442.158996582031 177.600112915039 87.8629531860352 0.869050443172455 12352 0.592730164527893 1
16019 509.013000488281 214.790939331055 96.1242065429687 0.894271671772003 16248 0.657594442367554 -1
14287 486.402008056641 200.142578125 91.9941940307617 0.888103604316711 14654 0.711326837539673 -1
13149 463.311004638672 189.873092651367 89.2320327758789 0.882689774036408 13421 0.787176728248596 1
13852 490.278991699219 213.985687255859 82.9664840698242 0.921777307987213 14158 0.728324294090271 -1
14306 482.247985839844 197.685791015625 94.0561065673828 0.879561126232147 14667 0.587950050830841 -1
10802 424.648010253906 177.296615600586 78.9431915283203 0.895401060581207 11019 0.656098127365112 1
14641 505.002014160156 211.583648681641 90.0334320068359 0.904948234558106 15034 0.629557967185974 -1
