15373 522.210998535156 229.493728637695 86.3415679931641 0.926527798175811 15757 0.671603322029114 -1
11814 428.014007568359 175.579376220703 86.3215866088867 0.870799362659454 12000 0.784983396530151 1
11694 432.976989746094 181.484405517578 82.9714508056641 0.889373004436493 11893 0.763914287090302 -1
13244 461.938995361328 194.18376159668 87.8210144042969 0.891887545585632 13476 0.711278200149536 -1
12345 448.769012451172 180.520492553711 88.8428497314453 0.870511412620544 12676 0.594997107982636 1
10492 405.910003662109 162.797653198242 83.4951934814453 0.858462035655975 10888 0.629129946231842 1
14566 498.026000976563 208.225433349609 90.5405426025391 0.900517523288727 14927 0.560834765434265 -1
11529 420.455993652344 168.257461547852 88.4854965209961 0.850550472736359 11748 0.710088670253754 1
12089 440.726013183594 179.962326049805 86.6595687866211 0.87642252445221 12390 0.666868925094605 1
12381 434.158996582031 173.100738525391 91.9629135131836 0.847203731536865 12643 0.743157267570496 1
11270 422.609008789063 173.23420715332 83.3999176025391 0.876485288143158 11449 0.613901317119598 1
11115 424.730010986328 177.785415649414 80.5449447631836 0.891487240791321 11318 0.734633207321167 1
16618 513.752990722656 213.217132568359 99.8923416137695 0.883463203907013 16892 0.636412382125855 -1
15739 525.0009765625 228.244598388672 88.8492736816406 0.921122789382934 15978 0.573244452476502 -1
14750 484.152008056641 201.247009277344 94.8591537475586 0.881942570209503 14967 0.780671119689942 -1
13425 477.197998046875 199.756362915039 86.6409683227539 0.901041328907013 13784 0.611673057079315 -1
11543 428.601989746094 175.370681762695 85.0582427978516 0.874503195285797 11859 0.671065628528595 1
12263 444.954010009766 180.220855712891 87.5452880859375 0.874088525772095 12478 0.604505598545075 1
12006 467.640991210938 207.447998046875 74.4687881469727 0.933346927165985 12237 0.548745393753052 -1
13446 475.127990722656 198.699554443359 87.3792953491211 0.898117363452911 13765 0.575722515583038 -1
12181 430.949005126953 177.657623291016 87.4951477050781 0.870316386222839 12353 0.756583869457245 1
12286 444.886993408203 183.288711547852 86.7310562133789 0.880958437919617 12583 0.681873679161072 -1
11623 427.470001220703 178.891510009766 83.5600814819336 0.884204924106598 11798 0.626239240169525 1
12759 463.640991210938 200.957458496094 81.2090835571289 0.91471004486084 12993 0.778937757015228 -1
11462 432.108001708984 180.280059814453 81.8902130126953 0.890879929065704 11725 0.699926733970642 1
10588 404.324005126953 163.662078857422 83.9691543579102 0.858350217342377 10756 0.614866435527802 1
14306 482.247985839844 197.685791015625 94.0561065673828 0.879561126232147 14667 0.587950050830841 -1
12924 474.424011230469 203.019927978516 81.8221588134766 0.91518884897232 13150 0.53573203086853 -1
14407 494.989990234375 208.749038696289 88.6628570556641 0.905318081378937 14716 0.573755502700806 -1
11104 420.970001220703 164.939025878906 87.2920303344727 0.848473310470581 11429 0.632706522941589 1
15475 511.796997070313 220.476928710938 90.2072296142578 0.91246896982193 15734 0.827318906784058 -1
11490 421.1669921875 167.710113525391 88.5562744140625 0.849224627017975 11793 0.755424082279205 1
13787 474.338012695312 194.694625854492 91.0773315429688 0.883836567401886 14075 0.616178750991821 -1
16490 520.318969726563 212.010757446289 101.68000793457 0.877488136291504 16873 0.629365265369415 -1
11659 442.338012695313 186.149963378906 81.0451736450195 0.900248825550079 11974 0.689066171646118 1
14800 502.618988037109 213.994918823242 88.8556747436524 0.909719526767731 15123 0.791232287883759 -1
10737 412.305999755859 165.551620483398 83.9219284057617 0.861991345882416 11017 0.614104330539703 1
11679 439.186004638672 181.426773071289 83.5256576538086 0.887720823287964 11949 0.567492723464966 1
11994 444.760986328125 183.449127197266 84.4269714355469 0.887804865837097 12262 0.724187910556793 1
14560 501.246002197266 212.106094360352 89.3213119506836 0.907006680965424 14988 0.689557194709778 -1
13560 479.199005126953 197.558029174805 88.7722854614258 0.893356859683991 14033 0.691766142845154 -1
11377 429.385986328125 172.539642333984 85.8843383789062 0.867311477661133 11746 0.735423386096954 1
14786 505.389007568359 214.218383789062 89.4265670776367 0.908697545528412 15177 0.734160900115967 -1
11310 424.217987060547 173.269378662109 84.4845962524414 0.873072147369385 11629 0.711186587810516 1
14045 482.742004394531 200.027236938477 90.7138442993164 0.891252458095551 14305 0.572610914707184 -1
14212 485.985992431641 203.418487548828 90.0118865966797 0.896770417690277 14508 0.573203206062317 -1
11413 421.953002929688 171.325286865234 85.9993133544922 0.864887893199921 11688 0.699325978755951 1
12613 459.912994384766 193.372146606445 84.3145294189453 0.899935960769653 12937 0.627887308597565 1
14076 479.677001953125 199.489151000977 90.7099838256836 0.890638887882233 14434 0.781218767166138 -1
9225 387.824005126953 163.404983520508 72.7455215454102 0.895438373088837 9422 0.585045635700226 1
15458 511.951995849609 216.607666015625 91.7917251586914 0.905770063400269 15854 0.58404803276062 -1
12613 450.205993652344 184.875732421875 88.0660400390625 0.879254341125488 12832 0.607299327850342 1
12582 446.290008544922 180.488265991211 89.4039840698242 0.868696272373199 12801 0.703376591205597 1
14975 508.078002929688 212.556427001953 91.2747650146484 0.903107643127441 15482 0.631377041339874 -1
13034 449.851013183594 180.19709777832 93.865119934082 0.853616178035736 13333 0.623159289360047 1
10559 411.088012695313 160.053024291992 86.1235275268555 0.84288501739502 10889 0.626721262931824 1
12627 453.519012451172 191.811889648438 84.5408172607422 0.897630572319031 12830 0.726106941699982 1
14634 501.122009277344 214.106781005859 87.7682876586914 0.912118077278137 14954 0.693258821964264 -1
10777 409.273010253906 165.13801574707 84.5802154541016 0.8588787317276 10987 0.806480586528778 1
10802 424.648010253906 177.296615600586 78.9431915283203 0.895401060581207 11019 0.656098127365112 1
11929 436.863006591797 177.189544677734 86.9880676269531 0.871197700500488 12230 0.693546533584595 1
11366 431.936004638672 179.071258544922 81.9375534057617 0.889173865318298 11737 0.60634833574295 1
11521 429.234008789063 176.807312011719 84.1037750244141 0.879618167877197 11732 0.592949032783508 1
10875 418.981994628906 166.690399169922 85.3295822143555 0.859042286872864 11334 0.762195110321045 1
16176 522.991027832031 221.927398681641 93.9841842651367 0.905900478363037 16639 0.602345943450928 -1
12894 480.084991455078 192.821746826172 85.9298400878906 0.895210325717926 13141 0.622627854347229 1
10483 419.015991210938 176.620101928711 76.32421875 0.901807606220245 10773 0.69286185503006 1
11748 433.77099609375 178.339477539063 85.6252212524414 0.877200126647949 12053 0.65295684337616 1
12225 436.484008789062 172.725219726563 91.4732818603516 0.848254680633545 12537 0.646107494831085 1
14753 495.260009765625 203.724700927734 93.183219909668 0.889262199401856 15153 0.634646832942963 1
14363 493.260986328125 210.569747924805 87.4158401489258 0.909757733345032 14621 0.577059030532837 -1
16412 515.114990234375 208.694549560547 101.941757202148 0.872578740119934 16857 0.773785948753357 -1
12452 445.079010009766 179.026138305664 89.8911285400391 0.864802718162537 12710 0.617965281009674 1
11809 433.053985595703 170.871215820313 89.4826431274414 0.851912140846252 12129 0.61743175983429 1
11485 424.488006591797 175.315368652344 84.4810333251953 0.876236975193024 11688 0.606260538101196 1
11782 436.533996582031 183.450225830078 82.5764007568359 0.892963171005249 11985 0.614029586315155 1
12500 444.845001220703 182.479797363281 88.2819747924805 0.875183880329132 12734 0.669021606445313 1
11488 416.377990722656 170.404800415039 86.1388854980469 0.862829148769379 11663 0.753212690353393 1
10106 408.941986083984 167.795257568359 78.3033676147461 0.884436726570129 10424 0.781230688095093 1
11711 423.93701171875 175.11882019043 85.9081268310547 0.871401488780975 11866 0.810562014579773 1
15037 501.467010498047 208.905578613281 92.3045654296875 0.897089779376984 15452 0.578613221645355 -1
13840 476.901000976563 201.625686645508 88.2425003051758 0.899142980575562 14205 0.630581378936768 -1
8499 370.446014404297 156.072280883789 70.6303558349609 0.891739547252655 8648 0.761559128761292 1
14470 489.786010742187 207.362655639648 89.8126449584961 0.901336908340454 14724 0.619620621204376 -1
12410 463.489990234375 195.171493530273 82.3603057861328 0.906600713729858 12849 0.5640909075737 -1
10168 400.477996826172 162.562973022461 81.0889053344727 0.866708278656006 10424 0.623727142810822 1
10788 414.907012939453 169.601593017578 82.2501525878906 0.874535799026489 11083 0.648317337036133 1
12590 447.532012939453 180.024459838867 89.9745941162109 0.866146087646485 12875 0.669111371040344 1
10910 445.273986816406 190.248046875 73.8787536621094 0.921520948410034 11229 0.627877533435822 1
10879 427.135986328125 179.450775146484 78.2927780151367 0.89980560541153 11110 0.735465109348297 1
13335 469.713989257813 199.297225952148 85.9123840332031 0.902315318584442 13657 0.616789996623993 -1
12489 442.869995117188 176.243041992188 91.7819061279297 0.853697657585144 12812 0.621003448963165 1
13742 484.342010498047 195.284942626953 91.2428131103516 0.884136259555817 14224 0.672407865524292 1
10589 411.928985595703 170.272125244141 80.8686599731445 0.88001936674118 10850 0.724281787872314 1
16253 525.481994628906 218.527557373047 95.9118423461914 0.89853572845459 16690 0.567968964576721 -1
10724 421.697998046875 168.368530273438 83.7353286743164 0.867559373378754 10988 0.594456791877747 1
15547 501.804992675781 208.499176025391 95.807861328125 0.8881716132164 15867 0.598283708095551 -1
9414 407.825012207031 179.545883178711 66.9181594848633 0.927948713302612 9583 0.810433864593506 1
10770 405.503997802734 158.728820800781 87.6126327514649 0.833867788314819 11097 0.666048228740692 1
11856 431.863006591797 174.352432250977 88.6826629638672 0.860979199409485 12188 0.615065395832062 1
