6.50565334737286 2.44700260485252 2
-5.12894272714249 9.83618863257355 1
-8.85057452948293 6.42626854401287 4
-10.2864120981333 5.91605914112215 4
-7.46899194809548 -6.03050749625492 3
-6.13233358602801 -6.26973932784248 3
4.44751787144698 2.27471702627434 2
-9.30936606225433 7.55557285285634 4
4.37522200299014 4.69333885053035 2
-6.06676507231231 -6.25048075135233 3
-7.80655766272935 -6.93963494933775 3
4.86733877083223 3.28031243822316 2
5.72293007940338 3.02697173597563 2
-7.36499073898037 -6.79823545388962 3
-8.90476977780888 -6.69365527850652 3
-7.70862220207334 -7.44029063347292 3
-2.58120774463308 10.0178190260903 1
-9.66054815220244 7.56721012699062 4
-6.19336700077676 -8.4928254644656 3
-5.29361037500592 -8.1179250921028 3
-4.75747099413864 -5.8476443327248 3
-7.35457250231223 -7.53343882584966 3
-8.51560919629792 6.49629197194638 4
-2.44166941836483 7.58953794198487 1
-8.15637478534105 7.01325615890525 4
-3.18611962335871 9.62596241703919 1
-3.66019120047505 9.38998414654399 1
-7.03141228618685 -6.29179238679137 3
-2.30033402804799 7.05461600431855 1
3.40292812535002 0.652713070856456 2
-8.39899715710528 -7.3643436661422 3
-4.56496862447776 -8.7473747858677 3
-10.5514622857269 8.67739528966412 4
-9.66382495342852 7.00213707384571 4
-2.14780201754434 10.5523226946643 1
4.73953020131574 1.46969402982453 2
-8.42539630236039 6.75979836269473 4
5.22673593002837 4.16362530975071 2
-8.59336118552729 6.81657974012757 4
-2.41743684651725 7.02671721359743 1
-8.07992359820705 -7.21461082911689 3
-3.31769122594594 8.51252908461379 1
-7.86113584219922 -6.41800611901268 3
-5.24721588721964 -8.31025097123658 3
-9.65654843986948 9.41591019118416 4
5.26554618399311 1.11601212752445 2
3.75036440660258 1.15735939897529 2
-6.80982510616125 -7.26542319013771 3
3.26220946827101 1.03534464402561 2
-1.59379550535068 9.34303723785801 1
-6.64852482341834 6.51522463014355 4
-3.05358034757793 9.12520871790819 1
-7.65888763591472 6.854347263394 4
5.43091078327115 1.06378222914599 2
-3.98771961342018 8.29444191980361 1
-3.11090423528215 10.8665643127073 1
-4.746593816495 -8.83219739279845 3
-7.13219534254443 -8.1278927752408 3
-3.2112507169301 8.68662398160055 1
3.44857533902545 2.62972329257456 2
-7.88790391844996 6.7466192598363 4
3.7204546019943 3.52310408895827 2
-5.98002731571802 -6.57281007239934 3
-8.8573439645387 6.32099355086089 4
-7.96600711991533 7.50686492123705 4
-6.6805674955778 -7.48032647043474 3
3.577575122502 2.44676211457591 2
-1.68665271094956 7.7934424782273 1
-7.86320802321826 7.17646553399656 4
-1.77073104305734 9.18565440938829 1
-2.18511365365796 8.629203847782 1
-8.61423527482559 7.3361153162805 4
-3.41722169857396 7.60198242686303 1
-7.54141365591966 -6.02767625847972 3
6.0426731471642 0.571318621148451 2
-6.36459192394261 -6.36632364236374 3
3.56898633816699 2.45564209918392 2
-2.9786720089877 9.55684617178429 1
-6.36457950484522 -3.02737810262123 3
-2.98837186089804 8.8286271515345 1
-2.52269484779068 7.95657519924242 1
4.85397258035831 0.727430905228744 2
-10.1208945312203 -7.90449723461024 3
-8.51416140414757 7.19337986113102 4
-8.74133179164329 7.91867994093562 4
-8.29123037546597 7.12133026306481 4
-8.83308405691783 7.37050350926344 4
-2.42215055481458 8.71527877773245 1
4.6980875546741 0.830199386110109 2
-9.05600895986323 8.42229976748589 4
-6.83405535124746 -7.53170994088176 3
-3.92456836510316 8.59364080543296 1
3.08921540516197 2.04173265874676 2
4.60516706652286 0.8044916463212 2
4.65288072810601 3.42670376109805 2
-9.55677197788845 7.11007576378686 4
-3.34841514627539 8.70507375234711 1
4.89037168657398 2.31961789343771 2
-6.43580776300504 -6.10547553984661 3
-2.90130577618491 7.5507711800662 1
-7.53284894948168 7.34452675713146 4
-9.28839322811525 7.9463728478462 4
-2.85191213957952 8.2120088589767 1
-7.08774944150854 -7.37311052793478 3
-2.21307734598817 9.27534140037821 1
4.41641605090225 2.68717017803282 2
-8.31898124239484 8.85626182850128 4
-7.19489643579162 -6.12114037278268 3
-5.71646343899631 -6.86987653225636 3
-10.4327554154304 6.72414789254493 4
4.89976163047653 2.75499255571804 2
-6.37463991217081 -6.01435439910582 3
-2.16557933348429 7.25124597283559 1
-8.1481837649249 6.92230244361287 4
-3.03895782681979 9.52755356131168 1
-10.9622234809458 6.79776789381794 4
-7.38718414884097 8.28279374158391 4
-4.23411545556578 8.45199859895735 1
-2.96983639401254 10.0714083544172 1
-2.62484590544099 8.71318243260903 1
-6.68514529912445 6.55617535261065 4
-5.11417295087017 -6.47512788231499 3
3.64934251109741 1.40687195433796 2
-8.76252319844228 6.64636120398659 4
-8.49657178085885 9.19969375471459 4
4.19336388416108 2.8295684782642 2
-2.17793419164919 9.98983125532068 1
5.45339605359777 0.742305367506777 2
3.75602140002697 2.12689478988626 2
-1.4781981005568 9.94556624731452 1
-5.92562542765807 -6.22871834197015 3
-6.90052878511542 -6.76278220996717 3
-1.0435488541312 8.78850982771179 1
-8.81381758237707 7.82152120674415 4
-9.67804959881679 6.72413027005468 4
5.60325496547242 2.38595061087723 2
-6.81534717205581 -7.95785437120525 3
-4.73568310182594 -6.24619057095794 3
-2.41212007370471 9.98293111873121 1
-5.61271604196465 -7.58777905889473 3
2.72110762092906 1.94665580849152 2
-3.52202874338717 9.3285334607936 1
-10.1585609636567 9.15498168135306 4
3.03239560166687 2.15780354247304 2
4.562777126814 2.31432165875738 2
-3.83738367195118 9.21114736406745 1
3.95985411464961 2.20542338110174 2
-7.98066813343399 7.16358438553528 4
-6.76610984590002 -6.2179789187549 3
-7.31967167784825 -6.74936901598986 3
-3.61553259705878 7.81807950411765 1
-8.8568408926284 7.03486427657857 4
5.46193899622259 3.86996266659468 2
-8.95286760188863 8.56133922747216 4
-7.65245240568884 -7.11692820001596 3
-7.68021688313594 8.11518560946164 4
-9.84434513813571 6.10933430271097 4
4.89742922695087 1.89872376817456 2
5.11311646080165 1.90034077128386 2
5.79847441523551 1.15248736558902 2
-1.69667180065855 10.3705261567691 1
4.39449072022523 1.21943351958324 2
4.99766619657638 2.53395421030897 2
-8.94708790509287 7.72523463759764 4
-2.72886951089026 9.37139869971007 1
-6.3087366804581 -5.74454395309535 3
4.93295130952678 1.25881826591436 2
3.85662554389186 1.65110816773506 2
-6.59863532341624 -7.50280911309654 3
4.91656963555812 2.80035293297676 2
-7.56066286084759 6.73195152666287 4
-2.50408416641029 8.77969899482317 1
-7.59493090041124 -6.20051184434127 3
-6.52261170518622 -7.5730191885366 3
5.78270165074312 2.72510271662751 2
-5.43835390208515 -8.31597174445539 3
4.70010904616913 4.43641179642602 2
-3.10983631297155 8.72259237840504 1
-2.67048333471876 9.41833698501286 1
-8.14051114548631 -5.96224764622117 3
-2.97261531586521 8.54855637462807 1
-7.67214792958397 -6.99484603474285 3
-8.74065165808718 6.55051313164324 4
-8.21420793958385 7.95186842476298 4
-8.01291140764798 8.13703255149934 4
-1.03130357831123 8.49601590992467 1
5.161820401845 2.27015435717392 2
4.81305976207928 2.35848706366957 2
3.7930851181597 0.458322459254867 2
-2.5450236621627 10.5789297840123 1
-2.14756159800512 8.3691663735932 1
-7.60999382286841 -6.66365100369397 3
-9.73674242798437 7.81544208700521 4
-9.59746041818971 7.47391670197491 4
-2.26723535148672 7.10100588354052 1
-8.52742019103801 8.79887913244825 4
6.52606473743863 2.14774749677257 2
-0.929984807545359 9.78172085735123 1
-7.3515590569407 -5.79115899630858 3
3.66519716600078 2.76025428768318 2
